Inicio,Final,Union por la Patria,Juntos por el Cambio,La Libertad Avanza,Hacemos juntos nuestro Pais,Frente de Izquierda y Trabajadores,Union por la Patria poly,Juntos por el Cambio poly,La Libertad Avanza poly,Hacemos juntos nuestro Pais poly,Frente de Izquierda y Trabajadores poly
2022-12-25,2023-01-06,25.0,32.0,22.0,4.0,2.0,28.98636674584686,35.81181096263507,16.290328077755387,1.2643627530393369,2.3237025638031774
2022-12-26,2023-01-03,24.15,31.7,17.75,0.0,3.5,28.598374937559143,34.940061143247874,17.275200574604828,1.500382415110967,2.392846513819363
2023-01-06,2023-01-11,29.5,37.7,21.3,0.0,2.9,28.24021875656939,34.13716749727028,18.174798355319588,1.723280351443371,2.45824164896037
2023-01-11,2023-01-17,29.200000000000003,39.2,18.8,0.0,2.3,27.910743594981543,33.400291419355334,18.99289272157037,1.9334236313962772,2.519992861749763
2023-01-15,2023-01-16,26.25,29.85,21.35,2.8499999999999996,3.55,27.608814678614596,32.726643597780075,19.7331865521666,2.1311755025442745,2.578203840239934
2023-01-16,2023-01-22,30.3,23.0,23.2,4.8,0.0,27.333317067002607,32.11348401444556,20.39931430305643,2.316895390676809,2.6329770680121016
2023-01-19,2023-01-19,27.6,29.05,20.55,5.25,3.4,27.083155653394712,31.55812194487683,20.994842007326724,2.490938899798187,2.6844138241763136
2023-01-23,2023-02-03,24.0,31.0,24.0,3.0,2.0,26.857255164755088,31.05791595822292,21.52326727520309,2.653657812127576,2.7326141833714432
2023-02-01,2023-02-01,33.0,36.9,20.6,0.0,0.0,26.654560161762998,30.61027391725688,21.988019294049824,2.805400088098999,2.777677015765191
2023-02-02,2023-02-05,26.0,33.0,19.0,0.0,3.0,26.47403503881274,30.212652978375743,22.39245882836998,2.9465098663613416,2.8196999870540864
2023-02-05,2023-02-07,24.0,27.0,24.0,4.0,3.0,26.314664024013705,29.86255959160055,22.73987821980531,3.077327463778346,2.8587795584634845
2023-02-10,2023-02-16,29.9,40.6,18.0,0.0,2.7,26.175451179190325,29.55754950057635,23.033501387136305,3.198189375428616,2.8950109867475686
2023-02-12,2023-02-17,27.0,31.0,18.0,7.0,5.0,26.05542039988211,29.295227742572163,23.27648382628216,3.309428274605612,2.928488324189349
2023-02-14,2023-02-28,23.6,25.7,20.4,0.0,0.0,25.95361541534362,29.07324864848104,23.471912610300805,3.411373012817656,2.9593044186006625
2023-02-18,2023-02-27,27.5,29.5,23.0,4.0,4.0,25.86909978854448,28.889315842820004,23.62280638938889,3.5043486197879283,2.987550913322175
2023-02-27,2023-04-13,28.633333333333336,27.166666666666668,23.96666666666667,6.633333333333333,4.066666666666666,25.80095691616939,28.7411822437301,23.7321153908818,3.588676303454468,3.0133182472233777
2023-03-01,2023-03-01,31.0,29.0,23.0,1.5,4.0,25.7482900286181,28.62665006297636,23.802721419253608,3.6646734499701736,3.0366956547025907
2023-03-08,2023-03-16,23.4,27.4,14.6,9.2,5.3,25.71022219000543,28.543570805947805,23.83743785611715,3.732653623702805,3.057771165686961
2023-03-13,2023-03-18,27.5,30.6,18.5,2.4,6.2,25.685896298161257,28.489845271657483,23.839009660223944,3.792926567234976,3.0766316056324614
2023-03-27,2023-03-29,25.2,31.5,15.2,4.6,3.3,25.67447508463053,28.46342355274241,23.810113367464275,3.845798201364166,3.093362595523894
2023-04-02,2023-04-04,28.85,36.3,19.200000000000003,0.0,1.15,25.675141114673245,28.462305035463626,23.75335709086711,3.89157062510271,3.108048551874888
2023-04-02,2023-04-14,27.6,31.5,26.7,2.7,3.8,25.68709678726448,28.484538399706143,23.67128052060016,3.930542115677802,3.120772686727898
2023-04-05,2023-04-09,21.4,30.1,24.3,4.8,2.5,25.709564335094363,28.528221618979007,23.56635492396985,3.963007128531496,3.1316170076542083
2023-04-05,2023-04-15,27.0,27.0,23.0,5.0,3.0,25.74178582456809,28.59150196041523,23.44098314542134,3.9892562973207055,3.140662317753929
2023-04-07,2023-04-15,25.5,28.166666666666668,22.666666666666668,5.533333333333334,3.6999999999999997,25.783023155805925,28.67257598477185,23.297499606538494,4.009576433917205,3.147988215655997
2023-04-10,2023-04-14,25.5,26.0,26.0,0.0,2.5,25.83255806264318,28.76968954642988,23.13817030604392,4.024250528407624,3.1536730955181778
2023-04-11,2023-04-16,27.733333333333334,22.633333333333336,22.0,5.333333333333333,2.6333333333333333,25.889692112630243,28.881137793394352,22.96519281979891,4.033557749093455,3.1577941470270643
2023-04-17,2023-05-07,26.1,24.6,29.3,6.2,3.5,25.953746707032558,29.005265167294272,22.78069630080353,4.037773442491048,3.160427355398076
2023-04-22,2023-04-30,23.0,27.0,26.0,2.0,2.0,26.02406308083064,29.14046540338268,22.586741479196544,4.03716913333161,3.16164750137546
2023-04-27,2023-04-30,26.0,32.0,22.0,3.0,2.0,26.10000230272005,29.285181530536583,22.38532066225541,4.032012524561211,3.1615281612322885
2023-05-06,2023-05-13,24.75,26.2,21.15,8.1,4.05,26.18094527511144,29.43790587125701,22.178357734396357,4.022567497340782,3.1601417067704656
2023-05-08,2023-05-13,23.7,33.0,26.3,4.0,2.2,26.2662927341305,29.597180041668963,21.967708157174304,4.009094111046106,3.157559305320718
2023-05-09,2023-05-20,26.333333333333332,26.0,25.333333333333332,4.333333333333333,3.6666666666666665,26.35546524961799,29.76159495152148,21.7551589692829,3.9918486032678313,3.153850919742604
2023-05-12,2023-05-19,25.433333333333334,29.7,25.366666666666664,2.3000000000000003,3.1666666666666665,26.44790322512974,29.92979080418756,21.54242878655453,3.971083389811465,3.1490853084245045
2023-05-14,2023-05-22,20.0,27.0,26.0,6.0,3.0,26.543066897936637,30.100457096664226,21.331167801960287,3.9470470646973697,3.143330025283632
2023-05-18,2023-05-24,25.8,27.9,27.6,2.0,2.5,26.64043633902461,30.27233261957248,21.122957785609994,3.919984400160769,3.136651419766023
2023-05-19,2023-05-26,22.5,29.5,16.8,2.7,3.3,26.739511453094707,30.444205457157352,20.919312084752185,3.890136346651748,3.1291146368465435
2023-05-19,2023-06-06,29.433333333333334,33.13333333333333,16.433333333333334,9.299999999999999,4.133333333333333,26.839811978562985,30.614912987287845,20.72167562377413,3.8577400328352462,3.120783617028886
2023-05-20,2023-05-28,27.0,28.0,25.2,3.2,5.2,26.940877487560584,30.78334188145697,20.53142490420178,3.8230287655910695,3.11172109634557
2023-05-26,2023-06-01,26.349999999999998,28.2,24.03333333333333,4.833333333333333,3.466666666666667,27.04226738593371,30.948428104781733,20.349868004699896,3.7862320300138768,3.101988606357943
2023-05-26,2023-06-09,28.2,37.1,24.3,6.7,3.7,27.143560913243626,31.10915691600315,20.17824458107188,3.747575489413188,3.091646474156179
2023-05-28,2023-05-31,27.5,26.8,21.2,0.0,2.7,27.244357142766656,31.26456286748621,20.01772586625988,3.707280985313381,3.0807538223592803
2023-06-01,2023-06-01,28.5,36.5,19.0,2.5,1.5,27.34427498149419,31.41372980521995,19.869414670344792,3.6655665374536985,3.069368569115074
2023-06-02,2023-06-05,25.919999999999998,27.439999999999998,24.96,3.9199999999999995,3.4200000000000004,27.442953170132697,31.555790868817347,19.734345380546184,3.622646343788236,3.0575474281002197
2023-06-05,2023-06-12,25.0,29.0,20.0,6.0,5.0,27.540050283103668,31.689928491515424,19.613483961222425,3.578730780485949,3.045345908520197
2023-06-08,2023-06-14,22.0,29.0,21.0,6.0,1.0,27.63524472854371,31.81537440017518,19.507727953870496,3.534026401930657,3.032818315109319
2023-06-16,2023-06-16,31.2,33.1,18.9,0.0,1.7,27.72823474830446,31.9314096152816,19.41790647712621,3.4887359407210345,3.020017748130724
2023-06-25,2023-06-27,29.1,33.8,17.2,3.3,1.6,27.818738417952595,32.037364450943706,19.34478022676401,3.443058307670616,3.006996103376375
2023-06-26,2023-06-28,29.266666666666666,31.53333333333333,22.5,3.1,2.6333333333333333,27.906493646769924,32.13261851489451,19.28904147569713,3.397188591807791,2.993804072167068
2023-06-26,2023-06-29,24.0,32.0,19.0,3.0,3.0,27.991258177753245,32.216600708490994,19.25131407397752,3.351318060375825,2.9804911413524198
2023-06-27,2023-06-30,28.0,40.0,15.0,2.0,2.0,28.07280958761448,32.28878922671414,19.232153448795795,3.305634158832817,2.96710559331088
2023-06-27,2023-07-02,28.400000000000002,28.433333333333334,24.166666666666668,1.1666666666666667,1.7333333333333334,28.15094528678057,32.348711558168965,19.23204660448138,3.260320510851746,2.9536945059497217
2023-06-28,2023-06-28,32.8,34.7,18.8,0.9,1.7,28.22548251939353,32.39594448508446,19.2514121225023,3.2155569183204458,2.9403037527050486
2023-06-28,2023-06-30,32.3,32.8,17.8,2.1,1.2,28.29625836331045,32.43011408331362,19.290600161465445,3.1715193613415886,2.926978002541788
2023-06-28,2023-07-07,29.0,30.0,22.0,3.0,4.0,28.363129730103488,32.45089572233345,19.349892457116336,3.1283799982327567,2.913760719953697
2023-07-01,2023-07-05,30.5,33.9,18.4,2.6,3.4,28.425973365059846,32.458014065244946,19.42950232233917,3.0863071655263257,2.900694164963358
2023-07-01,2023-07-06,27.1,29.7,24.5,3.5,2.3,28.48468584718178,32.451243068773046,19.529574647157087,3.045465377969582,2.887819393122184
2023-07-04,2023-07-07,32.0,36.0,17.0,1.0,4.0,28.53918358918664,32.430405983266816,19.650185898731674,3.006015328524641,2.875176255510413
2023-07-04,2023-07-11,25.1,29.5,18.0,3.0,2.3,28.589402837506825,32.39537535269918,19.79134412136335,2.9681138883684968,2.862803398737107
2023-07-05,2023-07-12,27.0,33.0,26.0,3.0,2.0,28.635299672289783,32.34607301466725,19.952988936491348,2.931914106892997,2.8507382649401647
2023-07-05,2023-07-18,22.0,30.0,22.0,4.0,4.0,28.676850007398063,32.28247010039184,20.134991542693538,2.897565211704845,2.839017091786304
2023-07-06,2023-07-06,28.8,33.8,17.1,1.9,3.4,28.714049590409225,32.20458703471804,20.337154715686435,2.8652126086255985,2.8276749124710694
2023-07-07,2023-07-07,32.3,32.7,15.8,3.7,5.9,28.74691400261593,32.11249353611479,20.55921280832549,2.834997881691685,2.816745555718839
2023-07-08,2023-07-12,31.4,33.9,18.1,1.3,2.0,28.77547865902589,32.00630861667512,20.80083175060465,2.8070587931543907,2.806261645782812
2023-07-12,2023-07-27,31.7,34.7,17.0,6.6,4.4,28.799798808361864,31.88620058211601,21.06160904965668,2.781529283479853,2.796254602445021
2023-07-14,2023-07-21,28.0,29.0,19.0,3.0,4.0,28.819949533061724,31.752387031778436,21.341073789753093,2.758539471349068,2.7867546410163198
2023-07-15,2023-07-19,32.699999999999996,28.766666666666666,22.900000000000002,3.9,3.6666666666666665,28.83602574927837,31.605134858627373,21.63868663230414,2.738215653657904,2.777790772336393
2023-07-17,2023-07-21,28.0,34.2,17.7,3.2,2.4,28.848142206879707,31.44476024925178,21.95383981585868,2.720680305517079,2.769390802773753
2023-07-20,2023-07-25,25.2,31.2,23.0,1.8,2.5,28.85643348944885,31.271628683864613,22.28585715610441,2.7060520802521646,2.7615813342257347
2023-07-22,2023-07-29,32.4,29.46666666666667,23.233333333333334,4.633333333333334,2.733333333333333,28.8610540142838,31.086154936302968,22.633994045867748,2.694445809403612,2.754387764118512
2023-07-23,2023-07-23,28.5,30.3,19.1,0.8,1.6,28.86217803239777,30.888803074027727,22.99743745511372,2.685972502726707,2.7478342854070696
2023-07-24,2023-07-29,31.2,36.5,13.8,0.0,2.8,28.859999628518985,30.68008645812385,23.37530593094615,2.6807393481916018,2.74194388657523
2023-07-24,2023-07-31,31.650000000000002,36.15,18.950000000000003,2.5,2.4000000000000004,28.85473272109068,30.46056774330041,23.766649597607596,2.678849711983326,2.7367383516356405
2023-07-25,2023-07-27,30.1,34.8,16.7,1.9,3.7,28.84661106227121,30.230858877890263,24.1704501564794,2.680403138501746,2.73223826012978
2023-07-25,2023-07-29,30.4,33.0,20.3,4.9,1.5,28.83588823793398,29.991621103850527,24.585620886081557,2.6854953503615926,2.728462987127944
2023-07-25,2023-08-02,26.0,31.0,21.0,3.5,3.5,28.822837667667493,29.74356495676202,25.011006642072484,2.694218248392468,2.7254307032292697
2023-07-31,2023-08-03,30.1,36.4,19.5,3.2,2.5,28.80775260477521,29.487450265829786,25.44538385724999,2.70665991163881,2.723158374561706
2023-07-31,2023-08-04,30.8,31.9,20.8,4.4,3.4,28.790946136275785,29.224086153882787,25.88746054155009,2.7229045973599506,2.721661762782041
2023-08-01,2023-08-01,29.9,35.6,17.5,2.8,5.4,28.772751182902887,28.95433103737404,26.33587628204773,2.74303274103005,2.7209554250758856
2023-08-13,2023-08-13,27.28,28.0,29.86,3.71,2.61,28.75352049910516,28.67909262638043,26.78920224295629,2.7671209563381405,2.721052714157677
2023-08-13,2023-08-25,25.0,23.0,35.0,5.0,3.0,28.73362667304645,28.399327924603007,27.245941165628235,2.795242035188097,2.721965778270686
2023-08-14,2023-08-16,28.1,25.3,32.3,3.8,1.8,28.71346212660556,28.116043229366632,27.70452736855472,2.8274649476986875,2.723705561187004
2023-08-16,2023-08-17,32.3,23.7,38.5,3.2,2.3,28.69343911537644,27.830294131620384,28.1633267473654,2.8638548422035166,2.7262818022075432
2023-08-16,2023-08-18,23.1,24.7,34.0,0.0,0.0,28.67398972866801,27.543185515937218,28.62063677482868,2.9044730452510388,2.7297030361620624
2023-08-18,2023-08-21,26.8,20.9,32.1,3.2,4.9,28.655565889504352,27.255871560513903,29.07468650085192,2.949377061604588,2.733976593409132
2023-08-22,2023-08-30,30.6,24.8,34.2,2.2,0.8,28.63863935462457,26.969555737171653,29.523636552481005,2.998620574242353,2.7391085998361504
2023-08-22,2023-08-31,20.5,16.1,28.1,4.0,3.0,28.62370171448277,26.685490811355383,29.9655791339006,3.052253444357377,2.7451039768593617
2023-08-29,2023-09-04,30.6,25.8,36.0,2.4,1.8,28.61126439324824,26.404978842133893,30.398538026434064,3.1103217113575647,2.7519664414238
2023-09-01,2023-09-01,29.0,21.35,35.7,4.0,1.4,28.601858648805184,26.12937118220035,30.8204685885436,3.172867592865672,2.7596985060033674
2023-09-01,2023-09-03,28.5,22.7,33.2,2.9,4.4,28.596035572753017,25.860068477871643,31.22925775582976,3.239929484719327,2.7683014786007725
2023-09-01,2023-09-20,32.2,28.1,33.2,3.6,2.9,28.594366090406147,25.59852066908858,31.62272404103251,3.311541960971014,2.777775462747549
2023-09-03,2023-09-05,28.1,21.2,31.1,2.1,3.4,28.597440960794,25.3462269894163,31.9986175340297,3.3877357738880685,2.788119357504065
2023-09-04,2023-09-10,29.0,25.0,34.0,2.0,3.0,28.6058707766612,25.1047359660436,32.35461990183845,3.468537853952669,2.79933085745952
2023-09-06,2023-09-08,29.4,29.7,33.1,4.0,3.9,28.620285964467293,24.875645419783645,32.68834438861475,3.5539713098619368,2.811406452731923
2023-09-09,2023-09-18,27.4,27.8,33.9,3.0,2.5,28.641336784386887,24.660602465073147,32.99733581565263,3.6440554285277367,2.824341428968125
2023-09-11,2023-09-20,26.0,23.0,33.0,5.0,3.0,28.669693330309805,24.461303509973256,33.27907058138547,3.738805675076848,2.8381298673438167
2023-09-14,2023-09-25,29.8,26.4,34.7,6.0,3.0,28.7060455298408,24.279494256168935,33.53095666138509,3.838233692850936,2.8527646445634787
2023-09-16,2023-09-21,29.1,24.2,33.7,2.6,2.3,28.75110314429967,24.116969698968923,33.75033360836224,3.9423473034064793,2.8682374328604503
2023-09-20,2023-09-25,30.95,26.25,31.25,3.3499999999999996,1.9500000000000002,28.805595768721425,23.97557412730638,33.934472552166,4.051150506514845,2.884538699996892
2023-09-21,2023-09-29,32.1,25.9,35.0,4.7,2.3,28.870272831855974,23.857201123738072,34.080576199784474,4.164643480162213,2.9016577092637803
2023-09-22,2023-09-22,30.1,23.0,35.5,2.8,2.8,28.945903596168428,23.76379356444503,34.18577883534468,4.282822580549678,2.919582519480933
2023-09-25,2023-09-28,28.9,23.7,32.2,3.1,2.1,29.033277157838803,23.69734361923228,34.24714632011185,4.405680342093207,2.9382999849969917
2023-09-28,2023-10-03,24.7,21.8,36.2,5.0,3.8,29.133202446762347,23.65989275152871,34.26167609249026,4.533205477423551,2.957795755689414
2023-09-30,2023-10-07,28.5,27.3,32.9,4.2,3.3,29.24650822654923,23.653531718387093,34.22629716802285,4.665382877386379,2.9780542769644995
2023-10-02,2023-10-05,26.1,25.4,34.3,5.5,3.1,29.374043094524787,23.680400570484643,34.13787013939137,4.802193611042186,2.999058789757367
2023-10-02,2023-10-11,29.0,22.0,32.0,7.0,3.0,29.51667548172936,23.74268865212222,33.99318717641589,4.943614925666339,3.0207913305319707
2023-10-03,2023-10-04,32.7,25.0,34.7,2.7,1.6,29.675293652918302,23.842634601224557,33.78897202605597,5.089620246749079,3.0432327312810727
2023-10-03,2023-10-09,30.9,23.2,35.5,3.4,2.7,29.850805706562205,23.98252634934105,33.521880012409184,5.24017917799553,3.0663626195262843
2023-10-07,2023-10-10,26.2,28.9,35.6,2.7,3.4,30.044139574846614,24.164701121644192,33.188498036712105,5.395257501325603,3.0901594183180343
2023-10-08,2023-10-10,30.6,25.0,25.2,11.8,3.9,30.256243023672035,24.39154543693113,32.785344577339885,5.554817176874068,3.114600346235584
2023-10-09,2023-10-11,30.933333333333334,24.333333333333332,32.36666666666667,3.466666666666667,3.033333333333333,30.48808365265422,24.665495107622554,32.308869689806585,5.71881634299065,3.139661417387014
2023-10-09,2023-10-12,29.8,23.1,30.2,3.9,4.6,30.74064889512369,24.989035239763812,31.755455006765285,5.887209316239876,3.1653174414092327
2023-10-10,2023-10-13,30.9,24.4,26.5,10.0,3.2,31.014946018126643,25.364700233023576,31.12141373800696,6.059946591401087,3.191542023467992
2023-10-17,2023-10-19,33.0,24.2,31.8,7.9,3.0,31.312002122423685,25.79507378069483,30.402990670461943,6.236974841468524,3.218307564257838
2023-10-20,2023-10-20,33.6,26.4,32.8,4.2,3.0,31.632864142490757,26.28278886969455,29.596362168198905,6.418236917651357,3.2455852600021764
